76561198865536791
76561198232578380
76561198351034299
76561198380128200
76561198370499371
76561198401627230
76561198260421899
76561198968354968
76561198183523285
76561198868308479
76561198815791570
76561197997433809
76561198273679109
76561198172579063
76561198372925188
76561198302812163
76561198852024348
76561198127222284
76561198168009196
76561198107659151
76561198156229231
76561198873002997
76561198355421346
76561198329909035
76561198308399958
76561198840050107
76561198137938556
76561198124043329
76561198982131321
76561198409888702
76561198390301994
76561198167195812
76561199046840756
76561199099732356
76561199074855018
76561198328781390
76561199137181496
76561198074943711
76561198977436645
7389433981585661524
76561198407450856
76561198050678746
76561198090190967
76561198326655251
76561198447398684
76561199143478644
76561198217802223
76561198200952349
76561198032825991
76561198406207777
76561199077704544
76561199018617705
76561198282606832
76561198134645048
76561198274468290
76561198134654639
76561198120869430
76561198164149591
76561198311735487
76561198319078862
76561198319078862
76561197988375964
7086913428839223175
76561198040042758
76561198884807240
76561198838825672
8694199935900074178
76561199097828260
76561197963543899
76561198016526712
76561198124632642
76561198049892709
76561199100332754
76561198881303015
76561198122566954
76561198355157046
76561198444207626
76561198303514631
76561198327200308
76561199030806506
76561198389385097
76561198116333142
76561199018007127
76561199110548978
76561198821450859
76561198257440380
76561198052333173
76561198131384390
76561198217483819
76561198119871584
76561198165075782
76561198383608962
76561198328200078
76561199136155720
76561198318380632
76561199241380872
76561198408531100
76561198941674084
76561198337692623
76561199072343719
76561198424052366
76561198170625489
76561198102482439
76561198010501706
76561198063912524
76561198203963737
76561198831348180
76561198344573826
76561198351922775
76561198836051086
76561198260530504
76561198039605439
76561198397137873
76561198033232157
76561199422511687
76561198256610025
76561199237219921
76561198064819057
76561198307667443
8565111077636477194
76561198591714697
76561198060037269
76561198441582776
76561198259426485
76561198069949923
76561198824022520
7375242573561896434
76561199333540814
76561198047545368
7259476393633531782
76561198288331012
76561198142870793
76561199065646360
76561198311670844
76561198048057977
76561198068759479
76561199179927229
76561198251556264
76561198075395775
76561198050240178
76561199013871310
76561198091449836
76561198881536877
76561198148298140
76561198308972302
76561199044663029
76561198150273894